correct =
[ 0.98796106  0.98716256  0.98642548  0.98660975  0.9856884   0.98584196
  0.98574982  0.98762323  0.99008016  0.99170787  0.99275207  0.99090937
  0.99210712  0.99275207  0.99318203  0.99376555  0.99407266  0.99434907
  0.99477903  0.99499401  0.99511686  0.99502472  0.99517828  0.99570038
  0.99499401  0.99542397  0.99490188  0.99453334  0.99477903  0.99508615
  0.99542397  0.99536255  0.99527042  0.99551611  0.99536255  0.99551611
  0.99545469  0.99557753  0.99554682  0.99563895  0.9944412   0.9941648
  0.9941648   0.99404195  0.99456405  0.99462547  0.99493259  0.99459476
  0.99413409  0.99487116  0.99477903  0.99474832  0.99508615  0.99514757
  0.99493259  0.99520899  0.99508615  0.99517828  0.99533184  0.99542397
  0.99551611  0.9954854   0.99536255  0.99554682  0.99570038  0.99557753
  0.99560824  0.99582322  0.99542397  0.99563895  0.99573109  0.99517828
  0.99557753  0.99557753  0.99573109  0.99603821  0.99594607  0.99591536
  0.99579251  0.99582322  0.99609963  0.99594607  0.99603821  0.99594607
  0.99609963  0.99616105  0.99609963  0.99566967  0.99613034  0.99557753
  0.99619176  0.99609963  0.99616105  0.99631461  0.99634532  0.99613034
  0.9962839   0.9962839   0.99637603  0.99634532]
error =
[ 0.01203894  0.00649694  0.00472565  0.00231035  0.03495404  0.06805934
  0.2615466   0.33534413  0.37584046  0.40047422  0.41691294  0.42868174
  0.43755895  0.44447391  0.45001141  0.45454187  0.45831642  0.46151493
  0.4642567   0.4666336   0.46872138  0.47055942  0.47218946  0.47365293
  0.47495402  0.47613175  0.47722016  0.47821556  0.4791257   0.47996105
  0.48073137  0.48144502  0.48210821  0.48272382  0.48329981  0.48383956
  0.4843465   0.48482376  0.48526866  0.48568803  0.48608623  0.48645686
  0.48680695  0.48714505  0.4874674   0.48777234  0.48806306  0.4883418
  0.48860883  0.48886114  0.48910024  0.48933207  0.4895546   0.48976765
  0.48997347  0.49017042  0.49035947  0.49054123  0.4907199   0.49088854
  0.49104693  0.49120443  0.49135717  0.49150369  0.49164683  0.49178453
  0.49191508  0.49204273  0.49216727  0.49228854  0.4924053   0.49251883
  0.49262927  0.49273594  0.49283951  0.49293974  0.49303752  0.49313333
  0.49322644  0.4933169   0.49340484  0.49349069  0.49357424  0.49365537
  0.49373471  0.49381187  0.49388756  0.49396188  0.49403388  0.49410441
  0.49417286  0.4942394   0.49430524  0.4943693   0.49443184  0.49449311
  0.49455306  0.49461175  0.49466872  0.49472482]
alpha =
[ 2.20374835  2.51495307  2.67500628  3.03402173  1.65907089  1.30844456
  0.51897277  0.34205608  0.25362064  0.20174479  0.16772954  0.14361582
  0.12553745  0.11151211  0.10031229  0.09116801  0.0835611   0.07712268
  0.07160875  0.06683213  0.06263904  0.05894936  0.05567855  0.052743
  0.05013392  0.04777282  0.04559125  0.04359647  0.04177287  0.04009937
  0.03855635  0.03712701  0.03579887  0.03456613  0.03341281  0.03233215
  0.03131724  0.0303618   0.02947122  0.02863177  0.02783472  0.02709291
  0.02639223  0.02571558  0.02507045  0.0244602   0.02387842  0.02332062
  0.02278629  0.02228141  0.02180298  0.0213391   0.02089384  0.02046755
  0.02005575  0.0196617   0.01928345  0.0189198   0.01856232  0.01822494
  0.01790805  0.01759295  0.01728739  0.01699425  0.01670789  0.01643242
  0.01617125  0.01591589  0.01566674  0.01542414  0.01519057  0.01496346
  0.01474253  0.01452914  0.01432195  0.01412146  0.01392585  0.0137342
  0.01354795  0.013367    0.01319109  0.01301936  0.01285224  0.01268995
  0.01253124  0.01237689  0.0122255   0.01207683  0.01193281  0.01179172
  0.0116548   0.01152172  0.01139002  0.01126187  0.01113678  0.01101422
  0.01089431  0.01077692  0.01066296  0.01055076]
test correct num =  13580.0 , ratio =  0.834101099441
auc =  0.868056399779


T = 200
test correct num =  13600.0 , ratio =  0.835329525213
auc =  0.869843215924